1 9
2 4
3 75
4 45
5 67
6 18
7 50
8 10
9 22
10 12
11 28
12 99
13 27
14 21
15 28
16 28
17 18
18 39
19 73
20 66
21 77
22 47
23 58
24 28
25 26
26 70
27 89
28 100
29 72
30 79
31 68
32 72
33 59
34 59
35 58
36 86
37 26
38 73
39 91
40 64
41 44
42 94
43 43
44 10
45 77
46 14
47 31
48 47
49 41
50 65
51 10
52 97
53 26
54 64
55 41
56 49
57 37
58 7
59 64
60 22
61 74
62 82
63 9
64 39
65 95
66 36
67 11
68 57
69 90
70 66
71 69
72 50
73 9
74 45
75 96
76 67
77 96
78 49
79 2
80 81
81 46
82 8
83 97
84 99
85 24
86 28
87 32
88 42
89 22
90 45
91 68
92 53
93 86
94 34
95 38
96 30
97 20
98 28
99 41
100 23
101 74
102 13
103 49
104 55
105 13
106 55
107 67
108 34
109 35
110 2
111 52
112 35
113 22
114 0
115 40
116 82
117 95
118 74
119 96
120 38
